// Copiar este array en Evento2024Seeder.php
// Reemplazar $ganadoresMuestra con $ganadores2024

        $ganadores2024 = [
            [3, 372, 1, 4, 1, 0, '2024-11-20 17:34:07'],
            [4, 350, 1, 4, 2, 0, '2024-11-20 17:34:33'],
            [5, 332, 1, 4, 3, 0, '2024-11-20 17:35:17'],
            [6, 225, 1, 1, 1, 0, '2024-11-20 17:46:54'],
            [7, 218, 1, 1, 2, 0, '2024-11-20 17:47:23'],
            [8, 219, 1, 1, 3, 0, '2024-11-20 17:47:53'],
            [9, 819, 1, 2, 1, 0, '2024-11-20 17:49:08'],
            [10, 340, 1, 2, 1, 0, '2024-11-20 17:50:16'],
            [11, 293, 1, 2, 3, 0, '2024-11-20 17:50:55'],
            [12, 342, 1, 3, 1, 0, '2024-11-20 17:52:36'],
            [13, 206, 1, 8, 2, 0, '2024-11-20 17:56:21'],
            [14, 368, 1, 9, 1, 0, '2024-11-20 17:57:19'],
            [16, 285, 1, 9, 2, 0, '2024-11-20 17:57:46'],
            [17, 336, 1, 9, 3, 0, '2024-11-20 17:58:18'],
            [18, 613, 1, 9, 1, 0, '2024-11-20 18:03:58'],
            [19, 451, 1, 8, 1, 0, '2024-11-20 18:04:56'],
            [20, 45, 1, 5, 1, 0, '2024-11-20 18:06:01'],
            [21, 455, 1, 5, 2, 0, '2024-11-20 18:06:23'],
            [22, 596, 1, 5, 3, 0, '2024-11-20 18:06:49'],
            [23, 364, 3, 16, 1, 0, '2024-11-20 18:15:24'],
            [24, 295, 3, 16, 2, 0, '2024-11-20 18:16:04'],
            [25, 567, 3, 16, 3, 0, '2024-11-20 18:16:27'],
            [26, 553, 2, 15, 1, 0, '2024-11-20 18:21:38'],
            [27, 450, 2, 15, 2, 0, '2024-11-20 18:22:02'],
            [28, 589, 2, 15, 3, 0, '2024-11-20 18:22:22'],
            [29, 395, 1, 10, 1, 0, '2024-11-20 18:31:43'],
            [30, 353, 3, 17, 1, 0, '2024-11-20 18:33:31'],
            [32, 602, 3, 17, 2, 0, '2024-11-20 18:33:51'],
            [33, 588, 3, 17, 3, 0, '2024-11-20 18:34:31'],
            [34, 766, 1, 6, 1, 0, '2024-11-20 18:39:41'],
            [35, 718, 1, 6, 2, 0, '2024-11-20 18:43:20'],
            [36, 294, 1, 6, 3, 0, '2024-11-20 18:43:44'],
            [37, 779, 1, 11, 1, 0, '2024-11-20 18:45:33'],
            [38, 279, 1, 12, 1, 0, '2024-11-20 18:46:27'],
            [39, 42, 1, 7, 1, 0, '2024-11-20 18:46:36'],
            [40, 41, 1, 7, 2, 0, '2024-11-20 18:47:23'],
            [41, 713, 1, 7, 3, 0, '2024-11-20 18:47:49'],
            [42, 190, 1, 13, 1, 0, '2024-11-20 18:49:22'],
            [43, 245, 4, 43, 1, 1, '2024-11-20 18:54:27'],
            [44, 369, 4, 43, 1, 1, '2024-11-20 18:54:52'],
            [45, 552, 4, 43, 2, 0, '2024-11-20 18:55:25'],
            [46, 253, 4, 44, 1, 0, '2024-11-20 18:55:47'],
            [47, 355, 4, 44, 2, 0, '2024-11-20 18:56:20'],
            [48, 370, 4, 43, 3, 0, '2024-11-20 18:56:34'],
            [49, 175, 5, 46, 1, 0, '2024-11-20 18:58:36'],
            [50, 30, 5, 46, 2, 0, '2024-11-20 18:59:22'],
            [51, 343, 5, 53, 1, 0, '2024-11-20 18:59:40'],
            [52, 534, 5, 46, 3, 0, '2024-11-20 18:59:46'],
            [53, 244, 5, 48, 3, 0, '2024-11-20 19:00:48'],
            [54, 296, 5, 49, 1, 0, '2024-11-20 19:01:24'],
            [55, 251, 5, 49, 2, 0, '2024-11-20 19:01:59'],
            [56, 752, 8, 79, 1, 0, '2024-11-20 19:03:34'],
            [57, 573, 5, 55, 1, 0, '2024-11-20 19:03:53'],
            [58, 196, 5, 55, 2, 0, '2024-11-20 19:04:17'],
            [59, 266, 8, 79, 2, 0, '2024-11-20 19:04:50'],
            [60, 591, 5, 55, 3, 0, '2024-11-20 19:05:01'],
            [61, 438, 5, 56, 1, 0, '2024-11-20 19:05:48'],
            [62, 389, 5, 56, 2, 0, '2024-11-20 19:06:15'],
            [63, 335, 8, 79, 3, 0, '2024-11-20 19:06:38'],
            [64, 481, 5, 56, 3, 0, '2024-11-20 19:07:25'],
            [65, 633, 8, 81, 1, 0, '2024-11-20 19:08:36'],
            [66, 482, 8, 81, 2, 0, '2024-11-20 19:09:08'],
            [67, 562, 8, 82, 1, 0, '2024-11-20 19:10:33'],
            [68, 577, 8, 82, 2, 0, '2024-11-20 19:11:26'],
            [69, 802, 12, 109, 1, 0, '2024-11-20 19:11:36'],
            [70, 729, 8, 82, 3, 0, '2024-11-20 19:11:51'],
            [71, 804, 12, 109, 2, 0, '2024-11-20 19:12:14'],
            [72, 418, 4, 32, 1, 0, '2024-11-20 19:14:52'],
            [73, 616, 4, 32, 2, 0, '2024-11-20 19:18:29'],
            [74, 499, 4, 32, 3, 0, '2024-11-20 19:21:22'],
            [75, 635, 10, 104, 2, 0, '2024-11-20 19:29:16'],
            [76, 558, 10, 105, 1, 0, '2024-11-20 19:30:17'],
            [77, 803, 10, 105, 2, 0, '2024-11-20 19:30:46'],
            [78, 226, 10, 105, 3, 0, '2024-11-20 19:31:22'],
            [79, 254, 4, 31, 1, 0, '2024-11-20 19:43:17'],
            [80, 675, 4, 31, 2, 0, '2024-11-20 19:44:10'],
            [81, 676, 4, 31, 2, 0, '2024-11-20 19:44:52'],
            [82, 277, 4, 36, 1, 0, '2024-11-20 19:44:55'],
            [83, 668, 4, 31, 2, 0, '2024-11-20 19:45:26'],
            [84, 37, 4, 36, 2, 0, '2024-11-20 19:45:44'],
            [85, 670, 4, 31, 3, 0, '2024-11-20 19:45:52'],
            [86, 276, 4, 36, 3, 1, '2024-11-20 19:46:19'],
            [87, 711, 4, 36, 3, 1, '2024-11-20 19:46:44'],
            [88, 728, 4, 37, 1, 0, '2024-11-20 19:47:35'],
            [89, 744, 4, 37, 2, 0, '2024-11-20 19:47:58'],
            [90, 798, 4, 37, 3, 1, '2024-11-20 19:49:22'],
            [91, 741, 4, 37, 3, 1, '2024-11-20 19:49:53'],
            [92, 208, 6, 60, 1, 0, '2024-11-20 19:50:26'],
            [93, 463, 6, 60, 2, 0, '2024-11-20 19:51:07'],
            [94, 816, 1, 2, 1, 0, '2024-11-20 19:51:34'],
            [95, 272, 6, 60, 3, 0, '2024-11-20 19:51:40'],
            [96, 689, 6, 61, 1, 0, '2024-11-20 19:52:13'],
            [97, 252, 6, 61, 3, 0, '2024-11-20 19:53:43'],
            [98, 169, 6, 57, 1, 1, '2024-11-20 19:55:11'],
            [99, 462, 6, 57, 1, 1, '2024-11-20 19:55:46'],
            [100, 170, 8, 73, 1, 0, '2024-11-20 21:05:45'],
            [101, 618, 8, 78, 1, 1, '2024-11-20 21:06:57'],
            [102, 504, 8, 78, 1, 1, '2024-11-20 21:07:18'],
            [103, 748, 8, 78, 1, 1, '2024-11-20 21:08:22'],
            [104, 269, 6, 59, 1, 1, '2024-11-20 21:11:14'],
            [105, 680, 6, 59, 1, 1, '2024-11-20 21:12:07'],
            [106, 679, 6, 59, 2, 0, '2024-11-20 21:12:58'],
            [107, 678, 6, 59, 3, 0, '2024-11-20 21:13:20'],
            [108, 700, 7, 68, 1, 0, '2024-11-20 21:13:33'],
            [109, 701, 7, 68, 2, 0, '2024-11-20 21:14:33'],
            [110, 210, 7, 69, 1, 0, '2024-11-20 21:18:46'],
            [111, 708, 7, 69, 2, 0, '2024-11-20 21:19:13'],
            [112, 709, 7, 69, 3, 0, '2024-11-20 21:19:39'],
            [113, 706, 7, 70, 1, 0, '2024-11-20 21:20:57'],
            [114, 484, 4, 41, 1, 0, '2024-11-20 21:20:57'],
            [115, 731, 4, 41, 2, 0, '2024-11-20 21:21:24'],
            [116, 703, 7, 70, 2, 0, '2024-11-20 21:22:01'],
            [117, 732, 4, 41, 3, 0, '2024-11-20 21:22:26'],
            [118, 459, 7, 70, 3, 0, '2024-11-20 21:22:29'],
            [119, 459, 7, 70, 3, 0, '2024-11-20 21:22:29'],
            [120, 716, 7, 71, 1, 1, '2024-11-20 21:23:24'],
            [121, 715, 7, 71, 1, 1, '2024-11-20 21:23:57'],
            [122, 365, 7, 71, 2, 0, '2024-11-20 21:25:12'],
            [123, 643, 7, 71, 3, 0, '2024-11-20 21:25:41'],
            [124, 746, 4, 39, 1, 0, '2024-11-20 21:37:22'],
            [125, 730, 4, 39, 2, 0, '2024-11-20 21:37:57'],
            [126, 538, 4, 39, 3, 0, '2024-11-20 21:38:20'],
            [127, 800, 4, 33, 1, 0, '2024-11-20 21:39:08'],
            [128, 216, 4, 30, 1, 0, '2024-11-20 21:40:23'],
            [129, 722, 4, 35, 1, 0, '2024-11-20 21:40:28'],
            [130, 292, 4, 28, 2, 0, '2024-11-20 21:41:41'],
            [131, 634, 4, 28, 3, 0, '2024-11-20 21:42:13'],
            [132, 189, 4, 23, 1, 0, '2024-11-20 21:43:05'],
            [133, 154, 4, 23, 2, 0, '2024-11-20 21:43:25'],
            [134, 154, 4, 23, 2, 0, '2024-11-20 21:43:25'],
            [135, 629, 4, 26, 2, 0, '2024-11-20 21:43:32'],
            [136, 155, 4, 23, 3, 0, '2024-11-20 21:43:47'],
            [137, 630, 4, 26, 3, 0, '2024-11-20 21:43:57'],
            [138, 408, 4, 27, 1, 0, '2024-11-20 21:45:16'],
            [139, 280, 11, 106, 1, 0, '2024-11-20 21:45:29'],
            [140, 464, 4, 27, 2, 0, '2024-11-20 21:45:43'],
            [141, 351, 11, 106, 2, 0, '2024-11-20 21:45:51'],
            [142, 379, 4, 27, 3, 1, '2024-11-20 21:46:04'],
            [143, 263, 11, 106, 3, 0, '2024-11-20 21:46:13'],
            [144, 412, 4, 27, 3, 1, '2024-11-20 21:46:34'],
            [145, 222, 11, 107, 1, 0, '2024-11-20 21:47:16'],
            [146, 221, 11, 107, 2, 0, '2024-11-20 21:47:49'],
            [147, 220, 11, 107, 3, 0, '2024-11-20 21:48:26'],
            [148, 391, 4, 19, 1, 0, '2024-11-20 21:50:46'],
            [149, 138, 4, 19, 2, 0, '2024-11-20 21:51:05'],
            [150, 489, 4, 21, 1, 0, '2024-11-20 21:51:43'],
            [151, 313, 4, 21, 2, 0, '2024-11-20 21:52:08'],
            [152, 345, 4, 21, 3, 0, '2024-11-20 21:52:39'],
            [153, 771, 4, 19, 3, 0, '2024-11-20 21:56:03'],
            [154, 153, 4, 22, 1, 0, '2024-11-20 21:57:02'],
            [155, 593, 4, 22, 2, 0, '2024-11-20 21:57:44'],
            [156, 179, 4, 22, 3, 0, '2024-11-20 21:58:12'],
            [157, 312, 4, 20, 1, 0, '2024-11-20 21:58:24'],
            [158, 130, 4, 20, 2, 1, '2024-11-20 21:58:41'],
            [159, 184, 4, 20, 2, 1, '2024-11-20 21:59:01'],
            [160, 311, 4, 20, 3, 1, '2024-11-20 21:59:23'],
            [161, 129, 4, 20, 3, 1, '2024-11-20 21:59:41'],
            [162, 142, 13, 112, 1, 0, '2024-11-20 22:01:20'],
            [163, 145, 13, 112, 2, 0, '2024-11-20 22:01:44'],
            [164, 786, 4, 40, 1, 0, '2024-11-20 22:01:49'],
            [165, 787, 5, 50, 3, 0, '2024-11-20 22:02:19'],
            [166, 773, 9, 85, 1, 0, '2024-11-20 22:05:30'],
            [167, 780, 9, 85, 2, 0, '2024-11-20 22:05:57'],
            [168, 791, 9, 85, 3, 0, '2024-11-20 22:10:09'],
            [169, 96, 9, 84, 1, 0, '2024-11-20 22:10:34'],
            [170, 64, 9, 84, 2, 0, '2024-11-20 22:11:53'],
            [171, 104, 9, 84, 3, 0, '2024-11-20 22:12:22'],
            [172, 385, 9, 84, 1, 0, '2024-11-20 22:12:54'],
            [173, 755, 9, 84, 2, 0, '2024-11-20 22:13:33'],
            [174, 754, 9, 84, 3, 0, '2024-11-20 22:14:01'],
            [175, 782, 9, 84, 1, 0, '2024-11-20 22:14:53'],
            [176, 399, 9, 87, 1, 0, '2024-11-20 22:17:44'],
            [177, 811, 9, 87, 2, 0, '2024-11-20 22:18:12'],
            [178, 734, 9, 87, 3, 0, '2024-11-20 22:18:54'],
            [179, 133, 9, 84, 2, 0, '2024-11-20 22:19:04'],
            [180, 237, 9, 84, 3, 0, '2024-11-20 22:19:24'],
            [181, 92, 9, 88, 1, 0, '2024-11-20 22:22:09'],
            [182, 93, 9, 88, 2, 0, '2024-11-20 22:22:31'],
            [183, 90, 9, 88, 3, 0, '2024-11-20 22:22:55'],
            [184, 442, 9, 90, 1, 0, '2024-11-20 22:23:41'],
            [185, 85, 9, 90, 2, 0, '2024-11-20 22:24:19'],
            [186, 75, 9, 90, 3, 0, '2024-11-20 22:25:30'],
            [187, 261, 9, 88, 1, 0, '2024-11-20 22:27:48'],
            [188, 234, 9, 91, 1, 0, '2024-11-20 22:28:10'],
            [189, 446, 9, 89, 1, 0, '2024-11-20 22:30:38'],
            [190, 759, 9, 89, 2, 0, '2024-11-20 22:31:05'],
            [191, 110, 9, 89, 3, 0, '2024-11-20 22:31:25'],
            [192, 72, 9, 92, 1, 0, '2024-11-20 22:36:52'],
            [193, 419, 9, 100, 1, 1, '2024-11-20 22:37:35'],
            [194, 664, 9, 96, 1, 0, '2024-11-20 22:38:04'],
            [195, 62, 9, 92, 1, 0, '2024-11-20 22:38:05'],
            [196, 51, 9, 92, 2, 0, '2024-11-20 22:38:24'],
            [197, 232, 9, 96, 2, 0, '2024-11-20 22:38:29'],
            [198, 794, 9, 92, 3, 0, '2024-11-20 22:38:51'],
            [199, 390, 9, 96, 3, 0, '2024-11-20 22:40:08'],
            [200, 795, 9, 94, 1, 0, '2024-11-20 22:40:27'],
            [201, 793, 9, 97, 1, 0, '2024-11-20 22:40:43'],
            [202, 233, 9, 94, 2, 0, '2024-11-20 22:40:48'],
            [203, 449, 9, 97, 2, 0, '2024-11-20 22:41:11'],
            [204, 393, 9, 97, 3, 0, '2024-11-20 22:41:28'],
            [205, 814, 9, 99, 1, 0, '2024-11-20 22:43:07'],
            [206, 557, 9, 99, 2, 0, '2024-11-20 22:44:06'],
            [207, 231, 9, 84, 1, 0, '2024-11-20 22:49:02'],
            [208, 407, 9, 84, 2, 0, '2024-11-20 22:50:48'],
            [209, 564, 9, 84, 3, 0, '2024-11-20 22:52:15'],
            [210, 735, 9, 100, 1, 1, '2024-11-20 22:55:21'],
            [211, 738, 9, 100, 2, 0, '2024-11-20 22:55:48'],
            [212, 698, 6, 57, 2, 1, '2024-11-20 22:58:53'],
            [213, 227, 6, 57, 2, 1, '2024-11-20 22:59:49'],
            [214, 267, 6, 57, 3, 0, '2024-11-20 23:00:17'],
            [215, 201, 6, 58, 1, 0, '2024-11-20 23:03:11'],
            [216, 693, 6, 58, 2, 0, '2024-11-20 23:03:39'],
            [217, 501, 6, 58, 3, 0, '2024-11-20 23:04:15'],
            [218, 445, 7, 65, 1, 0, '2024-11-20 23:10:05'],
            [219, 443, 7, 65, 2, 0, '2024-11-20 23:10:51'],
            [220, 767, 7, 65, 3, 0, '2024-11-20 23:14:28'],
            [221, 527, 7, 66, 2, 0, '2024-11-20 23:14:59'],
            [222, 582, 7, 67, 1, 0, '2024-11-20 23:15:45'],
            [223, 712, 7, 67, 2, 0, '2024-11-20 23:16:22'],
            [224, 213, 6, 62, 1, 0, '2024-11-20 23:21:26'],
            [225, 211, 6, 62, 2, 0, '2024-11-20 23:22:13'],
            [226, 215, 6, 62, 3, 1, '2024-11-20 23:22:41'],
            [227, 329, 6, 62, 3, 1, '2024-11-20 23:23:30'],
            [228, 820, 6, 61, 2, 0, '2024-11-20 23:30:13'],
        ];
